# chunk	files	KB	state
000	471	356	DONE
001	150	389	DONE
002	168	381	DONE
003	87	235	DONE
004	135	367	DONE
005	39	216	DONE
006	38	365	DONE
007	85	316	DONE
008	234	291	DONE
009	147	291	DONE
010	175	346	DONE
011	99	378	DONE
012	149	392	DONE
013	126	263	DONE
014	220	346	DONE
015	99	385	DONE
016	357	399	DONE
017	359	399	DONE
018	145	161	DONE
019	540	386	DONE
020	40	369	DONE
021	1	30	TODO
022	27	371	TODO
023	5	192	TODO
024	111	350	TODO
025	70	384	TODO
026	63	347	TODO
027	115	229	TODO
028	31	219	TODO
029	21	394	TODO
030	3	16	TODO
031	53	316	TODO
032	135	397	TODO
033	241	360	TODO
034	162	317	TODO
035	107	382	TODO
036	108	369	TODO
037	104	396	TODO
038	26	101	TODO
039	112	349	TODO
040	156	381	TODO
041	62	284	TODO
042	45	277	TODO
043	3	154	TODO
044	1	819	TODO
045	13	82	TODO
046	29	234	TODO
047	120	395	TODO
048	39	87	TODO
049	42	290	TODO
050	166	396	TODO
051	1	1985	TODO
052	3	3	TODO
053	46	286	TODO
054	4	157	TODO
055	1	819	TODO
056	15	231	TODO
057	114	399	TODO
058	63	183	TODO
059	207	385	TODO
060	185	393	TODO
061	112	302	TODO
062	51	156	TODO
063	76	399	TODO
064	31	44	TODO
065	103	357	TODO
066	30	252	TODO
067	1	745	TODO
068	3	5	TODO
069	15	313	TODO
070	6	285	TODO
071	6	199	TODO
072	121	334	TODO
073	76	399	TODO
074	72	397	TODO
075	84	340	TODO
076	100	356	TODO
077	57	382	TODO
078	142	387	TODO
079	100	396	TODO
080	85	276	TODO
081	625	391	TODO
082	52	396	TODO
083	20	109	TODO
084	40	221	TODO
085	10	273	TODO
086	25	397	TODO
087	2	34	TODO
088	85	204	TODO
089	37	212	TODO
090	87	398	TODO
091	53	372	TODO
092	34	349	TODO
093	67	340	TODO
094	13	360	TODO
095	15	379	TODO
096	17	377	TODO
097	14	374	TODO
098	24	336	TODO
099	2	69	TODO
100	120	357	TODO
101	119	397	TODO
102	12	396	TODO
103	18	397	TODO
104	7	116	TODO
105	20	398	TODO
106	21	367	TODO
107	23	345	TODO
108	2	81	TODO
109	13	371	TODO
110	19	390	TODO
111	21	388	TODO
112	17	388	TODO
113	19	383	TODO
114	22	396	TODO
115	13	368	TODO
116	19	389	TODO
117	21	387	TODO
118	129	395	TODO
119	97	361	TODO
120	74	363	TODO
121	58	384	TODO
122	34	390	TODO
123	4	15	TODO
124	157	392	TODO
125	77	372	TODO
126	37	399	TODO
127	24	156	TODO
128	29	344	TODO
129	21	377	TODO
130	21	380	TODO
131	34	288	TODO
132	102	294	TODO
133	35	196	TODO
134	39	340	TODO
135	47	338	TODO
136	28	388	TODO
137	8	383	TODO
138	14	393	TODO
139	15	373	TODO
140	6	393	TODO
141	15	390	TODO
142	9	388	TODO
143	15	394	TODO
144	20	364	TODO
145	11	373	TODO
146	44	377	TODO
147	115	159	TODO
148	45	369	TODO
149	261	197	TODO
150	403	394	TODO
151	33	349	TODO
152	198	392	TODO
153	177	345	TODO
154	112	298	TODO
155	27	277	TODO
156	5	265	TODO
157	4	55	TODO
158	1	635	TODO
159	9	398	TODO
160	7	147	TODO
161	3	20	TODO
162	1	636	TODO
163	12	386	TODO
164	2	82	TODO
165	73	290	TODO
166	42	385	TODO
167	30	311	TODO
168	9	271	TODO
169	36	352	TODO
170	32	399	TODO
171	42	321	TODO
172	34	349	TODO
173	36	362	TODO
174	16	234	TODO
175	28	269	TODO
176	17	397	TODO
177	13	79	TODO
178	21	256	TODO
179	15	238	TODO
180	18	298	TODO
181	36	271	TODO
182	21	384	TODO
183	27	388	TODO
184	10	295	TODO
185	38	396	TODO
186	21	389	TODO
187	15	318	TODO
188	166	399	TODO
189	49	398	TODO
190	65	399	TODO
191	276	391	TODO
192	40	395	TODO
193	7	74	TODO
194	15	11	TODO
195	140	386	TODO
196	118	389	TODO
197	90	368	TODO
198	315	392	TODO
199	87	398	TODO
200	479	368	TODO
201	118	348	TODO
202	93	382	TODO
203	21	389	TODO
204	8	40	TODO
205	108	396	TODO
206	119	259	TODO
207	135	397	TODO
208	74	273	TODO
209	37	241	TODO
210	68	391	TODO
211	74	385	TODO
212	101	333	TODO
213	32	280	TODO
214	98	399	TODO
215	207	388	TODO
216	86	295	TODO
217	35	231	TODO
218	142	342	TODO
219	194	374	TODO
220	167	328	TODO
221	52	383	TODO
222	34	183	TODO
223	45	374	TODO
224	42	241	TODO
225	96	370	TODO
226	30	313	TODO
227	113	319	TODO
228	13	259	TODO
229	96	378	TODO
230	49	341	TODO
231	36	266	TODO
232	61	271	TODO
233	143	319	TODO
234	139	372	TODO
235	61	371	TODO
236	68	388	TODO
237	170	368	TODO
238	119	223	TODO
239	60	391	TODO
240	66	365	TODO
241	68	292	TODO
242	39	398	TODO
243	147	375	TODO
244	94	343	TODO
245	81	336	TODO
246	17	366	TODO
247	45	237	TODO
248	14	329	TODO
249	63	380	TODO
250	46	364	TODO
251	45	372	TODO
252	84	378	TODO
253	14	99	TODO
254	1	3114	TODO
255	5	38	TODO
256	12	381	TODO
257	2	41	TODO
258	20	397	TODO
259	6	38	TODO
260	26	264	TODO
261	9	360	TODO
262	25	171	TODO
263	1	244	TODO
264	1	848	TODO
265	1	0	TODO
266	1	840	TODO
267	1	767	TODO
268	1	767	TODO
269	1	768	TODO
270	1	726	TODO
271	15	144	TODO
272	1	192	TODO
273	1	322	TODO
274	4	343	TODO
275	2	190	TODO
276	1	805	TODO
277	1	0	TODO
278	134	370	TODO
279	75	244	TODO
280	166	379	TODO
281	50	193	TODO
282	46	376	TODO
283	35	273	TODO
284	175	305	TODO
285	58	255	TODO
286	54	329	TODO
287	308	375	TODO
288	45	387	TODO
289	171	328	TODO
290	52	244	TODO
291	70	359	TODO
292	142	390	TODO
293	18	26	TODO
294	1	2229	TODO
295	1	2286	TODO
296	26	286	TODO
297	202	395	TODO
298	37	364	TODO
299	1	118	TODO
300	131	348	TODO
301	75	273	TODO
302	40	386	TODO
303	43	390	TODO
304	72	341	TODO
305	97	340	TODO
306	75	313	TODO
307	127	374	TODO
308	79	233	TODO
309	100	332	TODO
310	16	374	TODO
311	11	240	TODO
312	45	271	TODO
313	51	351	TODO
314	268	381	TODO
315	220	382	TODO
316	256	387	TODO
317	500	301	TODO
318	194	333	TODO
319	127	392	TODO
320	45	387	TODO
321	20	220	TODO
322	66	259	TODO
323	95	310	TODO
324	164	357	TODO
325	4	263	TODO
326	1	262	TODO
327	1	262	TODO
328	1	462	TODO
329	1	462	TODO
330	1	0	TODO
331	1	602	TODO
332	1	0	TODO
333	71	395	TODO
334	45	393	TODO
335	19	391	TODO
336	14	346	TODO
337	76	369	TODO
338	66	176	TODO
339	22	393	TODO
340	34	343	TODO
341	52	398	TODO
342	43	351	TODO
343	1	414	TODO
344	5	153	TODO
345	132	384	TODO
346	5	20	TODO
347	1	414	TODO
348	2	6	TODO
349	110	398	TODO
350	67	389	TODO
351	55	383	TODO
352	39	322	TODO
353	42	363	TODO
354	32	332	TODO
355	42	388	TODO
356	63	331	TODO
357	62	377	TODO
358	35	379	TODO
359	35	377	TODO
360	30	359	TODO
